17240
6142
5689
0
2054
10245
30975
0
1958
15745
4931
0
0
1470
3083
268
462
0
866
1385
2542
2728
3447
4814
6596
4121
0
5946
10022
0
0
0
494
0
21770
26329
1689
33989
0
399
344
1443
0
1309
18908
4094
4838
3847
0
3659
540
2180
3350
1928
1143
1740
1061
0
531
2720
3905
5329
4816
0
3853
5535
6920
36941
128
6630
5763
12239
28143
17215
14742
16242
38909
12741
55019
27321
29339
19702
61717
49820
56515
72676
30391
60832
55258
33137
893
11750
2055
561
0
5518
82
2322
0
705
0
3539
561
9978
0
0
100
6989
0
3479
849
11472
4100
1827
0
2316
0
1922
6072
408
2103
14222
9721
4115
3138
7153
4668
51163
14693
31462
14808
25155
14339
2378
573
4864
13142
1495
47358
178
2145
4381
879
2658
3075
7034
22473
1186
5780
11682
17970
0
13735
2560
6459
5867
79
7602
3006
3147
1514
689
5248
5551
0
4837
27479
5112
9254
0
15127
1162
10169
20699
7781
860
4870
7652
10046
3613
28977
8884
25458
2933
0
17545
6298
0
520
21756
20115
11687
1493
7845
7429
2697
58
31820
468
3912
1907
4074
5029
24889
5396
383
7820
16549
4960
4963
29579
27107
3498
0
4620
0
28907
67
10635
4328
1618
4729
3178
0
28512
727
10509
2124
15345
1264
944
12347
1340
8250
3118
934
5873
3901
2160
475
2046
3170
1129
0
876
17475
4076
14645
1245
4051
10525
13890
18458
9471
1648
809
3864
2690
0
4403
2771
850
1111
2922
1597
6081
1689
153
1253
470
5701
779
7266
914
1633
6901
4207
908
7832
0
7455
1116
861
1227
6690
5831
2536
528
8969
5219
30304
8005
3692
19957
0
7881
2702
960
0
1723
14603
2108
33203
3556
2560
2840
15354
737
2660
3684
5432
1101
14355
1027
1617
3906
2973
84
4082
3961
25914
32060
5350
3719
1078
4080
1074
3370
3502
1706
10513
1469
28
11634
7646
583
446
10554
1959
2734
17118
1242
9357
545
5086
1890
2935
2221
770
3450
3174
715
784
3702
12230
5313
6204
11019
1066
2456
37826
1773
2097
1219
2195
2064
3441
0
17647
652
2591
1639
1908
1639
325
1529
1637
2867
6124
0
0
1409
2842
1250
2972
2204
1355
5930
1457
1981
807
3979
16539
1319
21642
1873
3490
74
3721
542
4068
1221
2897
1302
1229
2268
836
870
3515
1139
854
662
0
2452
2511
737
12389
2348
9839
689
642
1012
267
0
3073
767
436
883
517
0
3492
3656
1211
4160
1620
3582
2649
2533
2527
9932
1735
6399
1006
19810
590
0
9166
458
446
5230
4576
7064
1804
0
1094
1053
1326
1424
8526
670
4726
4545
1080
16169
539
904
5077
4827
3624
3197
2404
3454
2812
163
7657
3721
1563
8506
30122
4703
452
5243
7052
5407
1581
0
1638
464
452
8306
791
0
4231
1580
3902
1074
519
695
3986
1455
5980
3872
3615
1686
21336
13604
0
9755
26247
4073
4801
4943
838
8912
1985
0
342
17750
0
5318
4786
2942
1928
7927
2081
4659
908
3936
7493
24538
44006
9496
5920
0
5551
6780
941
8198
6623
3675
2412
3528
5433
4009
2856
35023
7115
3584
2605
9126
36012
8170
18989
787
6314
3732
2371
4915
2499
1689
47364
993
535
4855
4239
218
4403
2231
8063
6548
9275
18419
4765
6146
5988
5137
3944
1570
7069
8578
4149
4675
4430
2699
2551
2789
0
0
4003
19262
1150
1385
3670
11929
10718
2140
346
2349
18122
4161
2528
1481
1819
1089
916
1171
46813
31479
4520
4908
3003
0
6743
12019
1995
152
6057
1422
2698
872
11524
14621
2072
3606
531
2118
7045
2493
1359
209
4804
3427
6683
9938
306
43048
762
7074
2649
3562
501
1945
2077
5638
1747
1551
4011
1049
1810
5540
3071
2076
7212
2265
2280
585
472
5325
1901
14258
1274
6229
1936
11191
3152
6120
2661
771
1629
1285
4611
0
2040
1076
1379
676
703
0
0
3379
1595
840
1726
2164
0
20956
4367
3322
1755
4462
5680
3006
663
2576
13389
2179
783
4388
7482
30117
1736
1420
1433
897
3279
0
1206
586
12581
4820
376
1396
0
0
0
1299
5336
1822
260
1529
2589
1676
4955
2315
10929
0
335
1287
0
546
7343
7857
0
0
3400
23110
3546
5723
4432
17938
6144
193
5120
914
3829
0
0
3115
2984
1038
3430
5193
1567
3647
1276
8287
4183
4952
5537
13012
4344
26499
6297
8078
7437
30631
13282
6145
10735
2496
4977
6126
0
11145
8935
2245
0
1088
11467
5365
0
0
0
837
8654
3417
5466
5606
0
4322
2440
6747
8374
667
31851
1358
3193
39999
19863
19843
9785
22171
0
30758
13753
15518
7563
16870
19032
13319
1171
3061
1594
2675
2324
4449
36189
5017
5392
865
4385
22733
807
5911
15658
1375
5924
5695
6001
0
7268
3930
10351
4147
1505
6546
3242
3551
2416
3838
1554
4978
57845
3716
5433
700
12885
970
3444
16150
814
16354
17244
2237
2754
2815
4424
4651
1841
2165
8082
8285
3148
4016
51634
5761
3391
4846
2765
5401
4049
21178
28232
23093
30300
1538
1954
8570
11256
11518
5883
9164
12892
10261
10351
4764
8405
3341
8193
1484
1279
28269
0
1732
0
5725
0
3689
7597
2942
2214
1575
12248
2933
2197
1639
2299
11714
3226
3708
4745
30374
15535
3925
9949
4010
5481
1314
3030
7663
4777
1751
4762
3270
2899
1762
4079
700
2117
4480
3036
28437
13742
10112
8886
20700
1634
11184
1083
3087
1662
1949
168
2560
854
6207
898
11121
1214
5323
5164
15231
417
1088
945
0
959
5404
5812
345
10575
2931
4220
1784
15689
3640
18418
3267
7142
16002
1455
6768
15719
1704
4770
2260
0
2542
3721
0
15970
4054
1158
1307
1333
4168
22520
2660
1279
1197
2001
2468
7438
2652
3325
0
0
0
0
31359
20765
4029
3176
0
0
1889
5228
11066
0
0
441
1640
1534
3780
5274
5583
0
10907
0
2445
2335
0
0
10432
968
0
1889
888
1984
858
11064
6560
1442
10991
1417
1864
602
594
1001
405
2536
7304
1790
1503
2431
6458
2139
36
318
2778
12414
21263
2658
5751
9523
2893
2615
948
2896
8109
2848
396
6060
4512
2624
1792
9608
9248
2708
7947
2127
3022
669
18884
1063
594
1829
0
2071
1895
5826
43945
6793
5621
1821
3187
3815
5174
3983
1670
5453
0
1232
3585
1350
1650
9367
2227
1120
2780
7785
1488
5547
6766
3793
12589
3240
3744
1737
2023
2021
2938
2836
5455
2125
1636
1546
5152
3397
3437
0
477
229
472
722
909
5700
670
2570
2792
1279
439
610
1179
47552
699
827
3221
693
1329
0
31282
5396
610
940
1262
1570
24871
3237
5689
1014
1679
7831
2035
9087
2414
5949
5475
3217
6615
18813
2519
3947
451
14966
7176
1962
13424
3378
5461
2998
450
9934
28919
6013
12364
0
9660
4492
19824
9021
5070
0
2190
3640
0
698
11509
2557
4354
18500
1273
302
457
1565
750
3951
5953
3349
2424
0
887
1782
1650
2620
1387
23429
10993
4499
3066
2726
4285
2718
1147
957
781
665
402
1157
401
4851
1385
3606
119
3332
5111
2669
1151
3916
1943
795
3467
4721
3334
0
1042
933
4589
1242
1689
975
0
2196
5990
9845
612
3555
3285
2313
791
7628
14396
3640
0
4973
930
2825
1932
31099
10188
2599
3141
29249
1680
7091
2631
1224
709
830
4236
2091
5872
0
3096
3128
17407
1585
1778
4072
0
4788
4784
1810
783
5540
1396
3023
18299
3789
9313
0
632
10747
15415
3694
782
9315
894
5147
12080
2057
3546
11383
18939
1326
0
1638
6223
6488
25738
31387
10679
38161
8750
6240
2104
18551
0
1734
1007
15239
9746
19170
3336
4431
4505
581
4632
0
11423
2664
0
8318
0
0
9052
0
11354
0
2461
1130
199
2251
5047
4
773
864
1354
232
8847
3081
4431
0
183
336
49
568
22381
2356
1042
5401
14046
1238
7016
1663
1073
3272
20805
2623
15337
824
22648
48054
4055
5695
3089
4496
2082
3373
10201
7774
2997
1056
9825
4167
1833
763
905
972
226
19112
14156
28984
2012
5729
4306
3788
6222
4507
0
5204
1583
6991
0
282
465
3443
4588
653
5165
7160
1051
14887
30199
9526
2586
4044
4892
1736
1125
1312
2698
1022
2799
1198
2866
904
0
2023
2202
2175
1033
1762
16521
1258
582
2253
577
2868
7174
2510
1297
885
2710
417
1021
23432
2167
478
0
1058
1320
2088
170
1711
5704
6610
2520
6982
870
5117
1896
3150
941
23324
8944
3399
2602
4432
4181
38828
31083
0
205
0
0
0
42
0
0
34
1376
0
0
10208
221
63
2459
1198
0
139
67
422
0
0
0
0
12562
0
0
5029
33
0
0
10804
1683
0
0
1998
0
201
1344
6960
0
0
0
4543
1611
0
0
0
0
0
0
0
0
3195
0
0
0
393
3033
0
122
0
