1104
1773
0
651
1479
6454
2349
579
3726
356
1938
0
261
1158
68
380
0
259
531
970
409
765
1878
431
257
0
2087
650
0
0
0
33
0
7171
7401
448
4772
0
49
90
667
0
174
4339
568
1619
1755
0
2157
129
1041
704
436
305
394
159
0
156
663
1343
1250
903
0
993
249
540
3635
28
1328
1109
2448
3120
2714
1214
3139
4526
1572
4276
2908
4149
3151
4162
5208
5077
5620
4034
4575
4741
3827
198
1289
373
99
0
337
60
305
0
212
0
217
87
1237
0
0
23
623
0
477
209
1341
139
217
0
559
0
172
548
78
335
958
784
261
647
397
673
4139
1238
3807
1148
3384
1278
272
150
622
1749
392
2922
88
298
446
118
519
991
1616
5846
447
522
949
4443
0
1413
876
2214
1991
38
1939
531
916
473
132
542
1293
0
503
3755
985
990
0
1267
178
1174
1803
865
153
1380
604
752
797
1356
1036
4224
556
0
1627
837
0
201
2387
1570
1394
276
576
1022
456
16
6068
126
534
208
944
1145
3479
708
196
783
2990
432
635
6048
6373
528
0
3658
0
2140
41
1615
673
587
477
645
0
3904
210
852
865
1592
179
207
1333
254
501
1128
238
781
672
206
150
545
1045
268
0
156
1363
624
3044
376
1392
3604
3460
4936
3194
271
212
728
488
0
282
268
255
396
1301
309
523
797
66
178
204
1734
117
2214
267
461
1981
591
301
2205
0
1643
292
475
261
3448
627
646
116
1085
276
1426
2161
376
2425
0
1333
506
138
0
277
3104
635
7329
529
270
465
2981
201
380
403
694
371
2512
120
387
451
392
25
529
373
2679
2037
808
753
275
719
113
444
497
237
594
316
8
2612
1966
205
182
1652
598
444
3616
250
1015
192
641
254
543
296
167
347
334
157
227
1660
3796
830
1709
2661
508
921
7604
830
1026
404
359
338
1437
0
2070
108
827
653
388
273
64
437
459
421
876
0
0
269
309
181
390
261
381
850
447
326
298
423
5366
103
4460
414
628
19
367
154
1722
284
562
377
218
451
264
235
494
184
123
131
0
696
1063
184
3771
165
3821
151
170
198
145
0
1144
109
128
169
159
0
1412
189
322
676
397
150
525
377
488
2306
238
506
163
4702
135
0
2857
201
115
1649
1626
2107
386
0
402
264
294
242
3375
128
229
714
391
5725
345
266
1552
624
1313
860
1243
1325
1231
59
2565
781
684
2693
1609
675
104
500
497
483
444
0
439
162
104
1997
225
0
633
290
868
269
146
251
627
134
446
895
410
281
1390
1096
0
1657
4020
610
899
429
104
1246
419
0
126
2748
0
752
350
453
346
466
243
502
135
361
974
2215
3877
833
1476
0
621
643
165
863
515
629
239
759
826
481
361
1659
722
485
316
1648
4672
1413
1115
300
794
527
307
270
414
313
2891
198
119
1095
339
145
643
513
1443
610
1188
1314
595
900
697
1288
466
217
547
1103
780
496
346
376
388
391
0
0
1006
2963
188
581
481
2636
2006
372
136
362
4078
822
454
418
341
191
182
149
6200
8061
1153
954
724
0
1680
2569
301
37
1593
300
368
109
2167
3190
380
838
147
612
527
684
287
164
610
536
555
2456
100
5544
213
2054
469
989
246
466
538
1703
497
318
752
210
432
1368
443
453
1650
575
281
83
343
1103
171
3582
184
493
598
3156
287
1746
153
182
182
291
1769
0
220
325
460
160
173
0
0
1369
409
265
808
415
0
6194
1078
1262
482
1329
1260
357
205
438
1638
482
168
1729
2751
1610
418
261
259
208
315
0
151
262
2914
1967
200
238
0
0
0
282
966
287
96
345
1022
367
1889
378
4420
0
89
178
0
94
3773
2994
0
0
421
1098
538
388
830
2869
1258
94
930
223
508
0
0
382
330
216
400
760
153
586
275
1420
649
1525
906
3040
1029
1285
901
911
497
6337
1057
610
1342
124
622
1069
0
1404
1294
659
0
318
3424
1918
0
0
0
324
918
535
489
580
0
682
345
757
759
113
1415
153
186
3223
1185
1148
2556
1397
0
1971
1908
551
1045
2861
1449
1111
258
411
286
388
324
1233
1967
491
528
191
643
1488
223
922
1789
228
622
879
659
0
757
476
1149
399
443
833
501
449
386
423
532
1038
5207
700
841
264
1848
240
451
1411
206
2784
1472
297
438
568
631
621
337
344
734
660
547
521
2792
1101
780
935
781
1190
858
2568
2664
3669
2709
288
274
1085
1324
1207
1007
997
1119
1119
1508
821
775
410
954
433
331
3487
0
859
0
559
0
489
666
430
161
857
3028
217
283
194
245
788
342
474
483
1714
4015
527
1474
612
435
200
407
1257
232
226
310
395
419
415
452
109
333
1849
553
3915
3541
2516
1407
4398
222
2053
328
1020
218
316
37
327
174
507
178
1232
220
642
685
1558
165
261
440
0
397
2360
2553
186
3812
623
762
250
3348
691
1252
781
420
4486
719
1727
1761
241
582
581
0
290
793
0
4111
483
205
227
316
385
3644
552
302
324
405
338
781
239
613
0
0
0
0
7130
4244
541
575
0
0
460
1313
3428
0
0
103
493
69
275
549
560
0
1289
0
249
187
0
0
2223
612
0
847
437
533
289
3872
580
351
4052
399
785
127
150
538
254
913
856
217
426
624
473
449
8
82
363
3516
4031
421
1465
835
354
673
85
222
545
1026
81
655
604
416
389
597
2218
365
933
304
1154
206
1442
141
92
192
0
1072
416
625
3040
1547
1210
459
1191
530
599
622
334
703
0
211
330
297
247
2741
391
321
500
1815
229
939
635
415
1198
448
1052
347
629
407
600
648
1299
435
356
379
579
503
1080
0
154
90
148
282
225
1379
208
814
628
368
183
224
433
7649
201
325
691
248
300
0
2421
550
155
379
394
772
3678
548
998
112
403
1275
472
881
386
1520
1409
589
388
4390
303
425
148
1659
326
410
2298
309
828
596
76
1064
1543
890
2093
0
1027
1071
2993
1104
465
0
502
656
0
158
2138
676
435
3463
247
103
128
237
194
744
759
569
451
0
238
505
296
526
410
4625
2206
569
806
146
1096
415
367
619
318
168
117
410
131
2306
237
1342
36
1522
1248
637
187
481
254
212
684
1881
226
0
356
210
405
190
812
191
0
349
2134
3276
206
545
488
490
208
2342
4276
1308
0
2176
259
310
452
1613
1030
1220
364
3190
192
2051
492
380
345
187
943
415
1135
0
1130
310
3434
347
211
1045
0
1451
828
335
255
675
250
847
4617
341
3102
0
70
1464
978
791
237
2413
299
596
1431
344
491
2253
5181
172
0
310
1617
1255
0
10241
2713
7249
2233
3033
704
1936
0
346
276
4493
1110
4785
273
1161
534
348
1308
0
4427
516
0
1272
0
0
3824
0
3124
0
449
140
45
480
594
2
136
225
365
47
598
599
512
0
33
93
20
194
2495
241
118
536
1479
231
1276
267
232
569
3011
293
1004
148
4325
4690
1111
512
218
947
400
829
2943
1986
382
216
805
542
459
226
197
335
45
5364
3525
3520
502
1244
404
453
480
1502
0
1579
509
1096
0
57
218
648
670
159
767
976
393
4163
6253
2795
392
593
438
185
306
272
529
269
757
315
1858
91
0
756
418
501
199
471
5135
238
208
300
202
700
726
580
298
218
395
210
251
1990
544
115
0
140
238
539
40
304
2168
2073
921
1897
229
1841
712
1498
366
6279
3492
1754
1119
1637
1584
1677
6422
0
84
0
0
0
30
0
0
24
222
0
0
1783
170
43
573
410
0
41
53
112
0
0
0
0
902
0
0
499
7
0
0
2761
854
0
0
333
0
101
322
756
0
0
0
613
254
0
0
0
0
0
0
0
0
562
0
0
0
86
127
0
20
0
0
